91.00000
91.00000
91.00000
91.00000
91.00000
91.00000
92.00000
92.00000
93.00000
93.00000
94.00000
94.00000
94.00000
95.00000
95.00000
95.00000
95.00000
95.00000
95.00000
95.00000
96.00000
96.00000
96.00000
97.00000
97.00000
97.00000
97.00000
97.00000
97.00000
97.00000
97.00000
97.00000
97.00000
97.00000
97.00000
96.00000
96.00000
95.00000
95.00000
96.00000
95.00000
94.00000
93.00000
92.00000
92.00000
92.00000
93.00000
93.00000
94.00000
94.00000
94.00000
94.00000
94.00000
93.00000
91.00000
89.00000
88.00000
87.00000
88.00000
87.00000
87.00000
87.00000
86.00000
86.00000
84.00000
83.00000
83.00000
84.00000
87.00000
88.00000
89.00000
90.00000
91.00000
93.00000
93.00000
94.00000
94.00000
94.00000
94.00000
95.00000
95.00000
94.00000
94.00000
95.00000
95.00000
95.00000
94.00000
94.00000
94.00000
95.00000
95.00000
95.00000
96.00000
96.00000
96.00000
96.00000
97.00000
96.00000
94.00000
93.00000
93.00000
93.00000
94.00000
93.00000
93.00000
93.00000
93.00000
93.00000
93.00000
93.00000
93.00000
93.00000
92.00000
92.00000
91.00000
90.00000
90.00000
90.00000
90.00000
89.00000
89.00000
89.00000
88.00000
85.00000
83.00000
81.00000
78.00000
76.00000
76.00000
77.00000
74.00000
74.00000
73.00000
74.00000
73.00000
71.00000
70.00000
70.00000
70.00000
70.00000
68.00000
69.00000
69.00000
68.00000
65.00000
64.00000
67.00000
66.00000
65.00000
66.00000
70.00000
70.00000
72.00000
72.00000
73.00000
72.00000
73.00000
72.00000
71.00000
70.00000
70.00000
70.00000
67.00000
67.00000
67.00000
67.00000
67.00000
65.00000
63.00000
64.00000
65.00000
66.00000
66.00000
67.00000
66.00000
66.00000
67.00000
67.00000
68.00000
69.00000
69.00000
71.00000
71.00000
71.00000
72.00000
73.00000
73.00000
74.00000
