180.00000
157.00000
180.00000
180.00000
180.00000
202.00000
202.00000
202.00000
202.00000
202.00000
202.00000
180.00000
202.00000
202.00000
180.00000
180.00000
202.00000
180.00000
202.00000
202.00000
180.00000
135.00000
135.00000
247.00000
202.00000
202.00000
157.00000
202.00000
135.00000
180.00000
112.00000
180.00000
157.00000
202.00000
180.00000
157.00000
135.00000
180.00000
202.00000
157.00000
247.00000
225.00000
202.00000
225.00000
202.00000
67.00000
270.00000
270.00000
270.00000
270.00000
315.00000
270.00000
225.00000
247.00000
202.00000
180.00000
202.00000
225.00000
180.00000
180.00000
270.00000
247.00000
247.00000
270.00000
202.00000
180.00000
180.00000
202.00000
292.00000
315.00000
292.00000
292.00000
292.00000
292.00000
315.00000
315.00000
315.00000
337.00000
45.00000
22.00000
360.00000
360.00000
360.00000
360.00000
315.00000
337.00000
360.00000
22.00000
337.00000
22.00000
360.00000
360.00000
22.00000
337.00000
360.00000
22.00000
360.00000
45.00000
22.00000
360.00000
337.00000
45.00000
360.00000
337.00000
337.00000
337.00000
360.00000
22.00000
315.00000
292.00000
360.00000
337.00000
337.00000
22.00000
360.00000
22.00000
360.00000
337.00000
337.00000
337.00000
45.00000
22.00000
337.00000
22.00000
337.00000
337.00000
360.00000
315.00000
22.00000
22.00000
67.00000
45.00000
337.00000
315.00000
45.00000
45.00000
22.00000
360.00000
360.00000
45.00000
315.00000
315.00000
337.00000
22.00000
22.00000
22.00000
337.00000
45.00000
360.00000
22.00000
67.00000
360.00000
22.00000
45.00000
22.00000
360.00000
315.00000
22.00000
360.00000
45.00000
22.00000
22.00000
360.00000
337.00000
22.00000
67.00000
45.00000
45.00000
22.00000
22.00000
360.00000
360.00000
337.00000
45.00000
360.00000
360.00000
22.00000
22.00000
22.00000
360.00000
45.00000
45.00000
22.00000
360.00000
45.00000
22.00000
22.00000
337.00000
